
Variando parámetros:

 Caso 1:
   X = 0.80      
   Y = 0.18  

   T = 1.9850·10⁷K
   R = 10.5000·10^10 cm
   L = 85.2632·10^33 erg s−1
   E = 1.33112 %

   Capa 84
    
 Caso 2:
   X = 0.80      
   Y = 0.16

   T = 1.8564·10⁷K
   R = 11.2359·10^10 cm
   L = 42.4615·10^33 erg s−1
   E = 0.29768 %

   Capa 83
